Sex:M
Race:160008C8
Slider0:0.800000
Slider1:-1.000000
Slider2:0.000000
Slider3:0.000000
Slider4:0.000000
Slider5:0.500000
Slider6:0.500000
Slider7:-0.300000
Slider8:-0.400000
Slider9:-0.200000
Slider10:0.100000
Slider11:-0.100000
Slider12:-0.200000
Slider13:1.000000
Slider14:-0.100000
Slider15:-0.100000
Slider16:0.500000
Slider17:-0.300000
Slider18:340282346638528859811704183484516925440.000000
Preset0:20
Preset1:-1
Preset2:27
Preset3:5
HairColor:1600088E
Weight:0.000000
Height:1.000000
Complexion:1600080F
HeadPart:00051631
HeadPart:160008BB
HeadPart:1602404A
HeadPart:0008555F
HeadPart:000F5009
HeadPart:0005107B
HeadPart:16000855
HeadPart:00051508
TintMask0:00D9C591:1.000000
TintMask1:00FFFFFF:0.000000
TintMask2:00000000:1.000000
TintMask3:00FFFFFF:0.000000
TintMask4:00FFFFFF:0.000000
TintMask5:00FFFFFF:0.000000
TintMask6:00000000:1.000000
TintMask7:00FFFFFF:0.000000
TintMask8:00FFFFFF:0.000000
TintMask9:00FFFFFF:0.000000
TintMask10:00FFFFFF:0.000000
TintMask11:00000000:0.000000
TintMask12:00000000:0.000000
TintMask13:00000000:0.000000
TintMask14:00000000:0.000000
TintMask15:00000000:0.000000
TintMask16:00000000:0.000000
TintMask17:00000000:0.000000
TintMask18:00000000:0.000000
TintMask19:00000000:0.000000
TintMask20:00000000:0.000000
TintMask21:00000000:0.000000
TintMask22:0057491A:1.000000
TintMask23:00000000:0.000000
TintMask24:00000000:0.580000
TintMask25:00FFFFFF:0.000000
TintMask26:00FFFFFF:0.000000
TintMask27:00FFFFFF:0.000000
