Sex:M
Race:FE047802
Slider0:-1.000000
Slider1:1.000000
Slider2:-1.000000
Slider3:-1.000000
Slider4:0.200000
Slider5:1.000000
Slider6:1.000000
Slider7:0.300000
Slider8:-0.400000
Slider9:-1.000000
Slider10:-1.000000
Slider11:0.000000
Slider12:-1.000000
Slider13:-1.000000
Slider14:-1.000000
Slider15:-0.400000
Slider16:0.000000
Slider17:0.000000
Slider18:340282346638528859811704183484516925440.000000
Preset0:20
Preset1:-1
Preset2:16
Preset3:20
HairColor:000F7565
Weight:19.999998
Height:1.000000
Complexion:FE047831
HeadPart:00051631
HeadPart:FE047801
HeadPart:FE047818
HeadPart:FE047A3E
HeadPart:FE04780E
HeadPart:FE047812
HeadPart:FE04782D
TintMask0:00303D52:1.000000
TintMask1:00522B21:0.350000
TintMask2:00FFFFFF:0.000000
TintMask3:00FFFFFF:0.000000
TintMask4:00FFFFFF:0.000000
TintMask5:00FFFFFF:0.000000
TintMask6:005254A9:0.190000
TintMask7:00FFFFFF:0.000000
TintMask8:00FFFFFF:0.000000
TintMask9:00FFFFFF:0.000000
TintMask10:00FFFFFF:0.000000
TintMask11:00000000:0.000000
TintMask12:00000000:0.000000
TintMask13:00000000:0.000000
TintMask14:00000000:0.000000
TintMask15:00000000:0.000000
TintMask16:00000000:0.000000
TintMask17:00000000:0.000000
TintMask18:00000000:0.000000
TintMask19:00000000:0.000000
TintMask20:00000000:0.000000
TintMask21:00000000:0.000000
TintMask22:00000000:0.000000
TintMask23:00000000:0.000000
TintMask24:00000000:0.000000
TintMask25:00000000:0.000000
TintMask26:00FFFFFF:0.000000
TintMask27:00000000:0.000000
TintMask28:00000000:0.000000
TintMask29:00000000:0.000000
