Sex:M
Race:FE046873
Slider0:-0.100000
Slider1:-0.260000
Slider2:-1.000000
Slider3:-0.500000
Slider4:-1.000000
Slider5:-1.000000
Slider6:0.900000
Slider7:0.220000
Slider8:0.700000
Slider9:-0.600000
Slider10:0.700000
Slider11:0.800000
Slider12:0.500000
Slider13:0.200000
Slider14:0.700000
Slider15:0.600000
Slider16:0.500000
Slider17:-0.700000
Slider18:340282346638528859811704183484516925440.000000
Preset0:5
Preset1:-1
Preset2:20
Preset3:4
HairColor:000F7565
Weight:70.000000
Height:1.000000
Complexion:FE046839
HeadPart:00051631
HeadPart:FE04685B
HeadPart:000C7170
HeadPart:000DFC06
HeadPart:000D2EB0
HeadPart:000E4E2A
HeadPart:FE046875
TintMask0:00363D5C:1.000000
TintMask1:00010443:0.420000
TintMask2:005254A9:0.380000
TintMask3:00FFFFFF:0.000000
TintMask4:00FFFFFF:0.000000
TintMask5:00FFFFFF:0.000000
TintMask6:00FFFFFF:0.000000
TintMask7:00010443:0.420000
TintMask8:00010443:0.420000
TintMask9:00FFFFFF:0.000000
TintMask10:00FFFFFF:0.000000
TintMask11:00000000:0.000000
TintMask12:00000000:0.000000
TintMask13:00000000:0.000000
TintMask14:00000000:0.000000
TintMask15:00000000:0.000000
TintMask16:00000000:0.000000
TintMask17:00000000:0.000000
TintMask18:00000000:0.000000
TintMask19:00000000:0.000000
TintMask20:00000000:0.000000
TintMask21:00000000:0.000000
TintMask22:00000000:0.000000
TintMask23:00000000:0.000000
TintMask24:00000000:0.000000
TintMask25:00281413:1.000000
TintMask26:00000000:0.580000
TintMask27:00FFFFFF:0.000000
TintMask28:00FFFFFF:0.000000
TintMask29:00FFFFFF:0.000000
