Sex:F
Race:17000873
Slider0:-1.000000
Slider1:-0.400000
Slider2:-1.000000
Slider3:-0.100000
Slider4:-0.900000
Slider5:0.600000
Slider6:-0.500000
Slider7:0.500000
Slider8:0.400000
Slider9:0.400000
Slider10:-0.300000
Slider11:-0.300000
Slider12:-0.100000
Slider13:-0.500000
Slider14:-0.600000
Slider15:0.000000
Slider16:-0.200000
Slider17:-0.700000
Slider18:340282346638528859811704183484516925440.000000
Preset0:16
Preset1:-1
Preset2:14
Preset3:18
HairColor:000A0434
Weight:50.000000
Height:1.000000
Complexion:170008C3
HeadPart:0005150F
HeadPart:170008A3
HeadPart:000EC1B2
HeadPart:00051172
HeadPart:000E4D7C
HeadPart:170008C6
TintMask0:00979FAC:1.000000
TintMask1:003D0C07:0.710000
TintMask2:00000000:1.000000
TintMask3:00FFFFFF:0.000000
TintMask4:0045894A:0.000000
TintMask5:005254A9:0.470000
TintMask6:00010443:0.420000
TintMask7:00324F76:1.000000
TintMask8:00FFFFFF:0.000000
TintMask9:00000000:1.000000
TintMask10:00FFFFFF:0.000000
TintMask11:00000000:0.000000
TintMask12:00000051:0.500000
TintMask13:00000000:0.000000
TintMask14:00000000:0.000000
TintMask15:00000000:0.000000
TintMask16:00000000:1.000000
TintMask17:00000000:0.000000
TintMask18:00000000:0.000000
TintMask19:00000000:0.000000
