Sex:M
Race:FE046873
Slider0:-1.000000
Slider1:-0.660000
Slider2:0.000000
Slider3:-0.900000
Slider4:0.700000
Slider5:-0.500000
Slider6:-1.000000
Slider7:0.620000
Slider8:0.200000
Slider9:-0.100000
Slider10:-0.200000
Slider11:0.600000
Slider12:0.000000
Slider13:0.100000
Slider14:0.200000
Slider15:0.700000
Slider16:-0.500000
Slider17:-0.500000
Slider18:340282346638528859811704183484516925440.000000
Preset0:14
Preset1:-1
Preset2:4
Preset3:1
HairColor:000F7565
Weight:40.000000
Height:1.000000
Complexion:FE046839
HeadPart:00051631
HeadPart:FE04685B
HeadPart:000DFB30
HeadPart:000F5009
HeadPart:0009F0A2
HeadPart:FE0468BF
HeadPart:000C710A
TintMask0:00919CB7:1.000000
TintMask1:0040040F:0.390000
TintMask2:0013202F:1.000000
TintMask3:00FFFFFF:0.000000
TintMask4:00FFFFFF:0.000000
TintMask5:00FFFFFF:0.000000
TintMask6:00FFFFFF:0.000000
TintMask7:005254A9:0.380000
TintMask8:00010443:0.420000
TintMask9:00FFFFFF:0.000000
TintMask10:0013202F:1.000000
TintMask11:00000000:0.000000
TintMask12:00000000:0.000000
TintMask13:00000000:0.000000
TintMask14:00000000:0.000000
TintMask15:00000000:0.000000
TintMask16:00000000:0.000000
TintMask17:00000000:0.000000
TintMask18:00000000:0.000000
TintMask19:00000000:0.000000
TintMask20:00000000:0.000000
TintMask21:00000000:0.000000
TintMask22:00000000:0.000000
TintMask23:00000000:0.000000
TintMask24:00000000:0.000000
TintMask25:00000000:0.000000
TintMask26:00000000:0.750000
TintMask27:00000000:0.000000
TintMask28:00FFFFFF:0.000000
TintMask29:00FFFFFF:0.000000
