Sex:M
Race:FE046873
Slider0:-1.000000
Slider1:0.300000
Slider2:-0.100000
Slider3:-0.900000
Slider4:0.000000
Slider5:-0.700000
Slider6:1.000000
Slider7:-0.040000
Slider8:0.500000
Slider9:0.400000
Slider10:-0.200000
Slider11:1.000000
Slider12:0.800000
Slider13:0.200000
Slider14:0.600000
Slider15:-0.560000
Slider16:-0.600000
Slider17:-0.400000
Slider18:340282346638528859811704183484516925440.000000
Preset0:1
Preset1:-1
Preset2:9
Preset3:11
HairColor:000A0438
Weight:0.000000
Height:1.000000
Complexion:FE0468C5
HeadPart:00051631
HeadPart:FE04685B
HeadPart:FE046875
HeadPart:00051403
HeadPart:000CDD8D
HeadPart:000F203C
HeadPart:0008555F
TintMask0:00A8B0C6:1.000000
TintMask1:00522B21:0.350000
TintMask2:00FFFFFF:0.000000
TintMask3:00522B21:0.350000
TintMask4:005254A9:0.380000
TintMask5:00FFFFFF:0.000000
TintMask6:0040040F:0.350000
TintMask7:00FFFFFF:0.000000
TintMask8:00FFFFFF:0.000000
TintMask9:00522B21:0.350000
TintMask10:00522B21:0.350000
TintMask11:00000000:0.000000
TintMask12:00000000:0.000000
TintMask13:00000000:0.000000
TintMask14:00000000:0.000000
TintMask15:00000000:0.000000
TintMask16:00000000:0.000000
TintMask17:00000000:0.000000
TintMask18:00000000:0.000000
TintMask19:00000000:0.000000
TintMask20:00000000:0.000000
TintMask21:00000000:0.000000
TintMask22:00000000:0.000000
TintMask23:00000000:0.000000
TintMask24:00000000:0.000000
TintMask25:00000000:0.000000
TintMask26:00FFFFFF:0.000000
TintMask27:00000000:0.000000
TintMask28:00FFFFFF:0.000000
TintMask29:00FFFFFF:0.000000
