Sex:F
Race:17000873
Slider0:-1.000000
Slider1:-0.600000
Slider2:-0.600000
Slider3:0.100000
Slider4:-0.900000
Slider5:1.000000
Slider6:-0.400000
Slider7:-0.500000
Slider8:0.400000
Slider9:-0.100000
Slider10:-1.000000
Slider11:0.500000
Slider12:-1.000000
Slider13:-0.500000
Slider14:-0.600000
Slider15:0.000000
Slider16:-1.000000
Slider17:0.000000
Slider18:340282346638528859811704183484516925440.000000
Preset0:9
Preset1:-1
Preset2:9
Preset3:4
HairColor:000A0433
Weight:80.000000
Height:1.000000
Complexion:170008CE
HeadPart:0005150F
HeadPart:170008A3
HeadPart:000EC1B2
HeadPart:170008CC
HeadPart:000E4D91
HeadPart:000510F9
TintMask0:00AAB3B9:1.000000
TintMask1:00000000:1.000000
TintMask2:00010950:0.830000
TintMask3:00522B21:0.340000
TintMask4:00522B21:0.190000
TintMask5:00FFFFFF:0.000000
TintMask6:005254A9:0.380000
TintMask7:00FFFFFF:0.000000
TintMask8:00000000:1.000000
TintMask9:00324F76:1.000000
TintMask10:00FFFFFF:0.000000
TintMask11:00000000:0.000000
TintMask12:00000000:0.000000
TintMask13:00000000:0.000000
TintMask14:00000000:0.000000
TintMask15:00000000:0.000000
TintMask16:005254A9:0.720000
TintMask17:00000000:0.000000
TintMask18:00000000:0.000000
TintMask19:00000000:0.000000
