Sex:M
Race:FE046873
Slider0:-1.000000
Slider1:0.000000
Slider2:-0.600000
Slider3:-0.400000
Slider4:0.520000
Slider5:1.000000
Slider6:0.800000
Slider7:0.400000
Slider8:0.700000
Slider9:0.100000
Slider10:0.200000
Slider11:0.500000
Slider12:0.100000
Slider13:-0.900000
Slider14:0.600000
Slider15:0.800000
Slider16:-0.400000
Slider17:-0.300000
Slider18:340282346638528859811704183484516925440.000000
Preset0:5
Preset1:-1
Preset2:9
Preset3:15
HairColor:000A0435
Weight:5.000000
Height:1.000000
Complexion:FE046839
HeadPart:00051631
HeadPart:FE04685B
HeadPart:0008555F
HeadPart:FE046875
HeadPart:000F203C
HeadPart:00051416
HeadPart:000F5009
TintMask0:00A8B0C6:1.000000
TintMask1:0040040F:0.390000
TintMask2:005254A9:0.380000
TintMask3:00FFFFFF:0.000000
TintMask4:005254A9:0.380000
TintMask5:00FFFFFF:0.000000
TintMask6:00FFFFFF:0.000000
TintMask7:00FFFFFF:0.000000
TintMask8:00FFFFFF:0.000000
TintMask9:00FFFFFF:0.000000
TintMask10:00FFFFFF:0.000000
TintMask11:00000000:0.000000
TintMask12:00000000:0.000000
TintMask13:00000000:0.000000
TintMask14:00000000:0.000000
TintMask15:00000000:0.000000
TintMask16:00000000:0.000000
TintMask17:00000000:0.000000
TintMask18:00000000:0.000000
TintMask19:00000000:0.000000
TintMask20:00000000:0.000000
TintMask21:00000000:0.000000
TintMask22:00000000:0.000000
TintMask23:00281413:1.000000
TintMask24:00000000:0.000000
TintMask25:00000000:0.000000
TintMask26:00FFFFFF:0.000000
TintMask27:00000000:0.000000
TintMask28:00000000:0.000000
TintMask29:00000000:0.430000
