Sex:F
Race:17000873
Slider0:0.100000
Slider1:0.600000
Slider2:0.000000
Slider3:-0.600000
Slider4:0.200000
Slider5:0.200000
Slider6:0.700000
Slider7:0.000000
Slider8:0.700000
Slider9:0.300000
Slider10:0.400000
Slider11:0.500000
Slider12:1.000000
Slider13:0.000000
Slider14:0.000000
Slider15:-0.100000
Slider16:0.000000
Slider17:-0.600000
Slider18:340282346638528859811704183484516925440.000000
Preset0:12
Preset1:-1
Preset2:14
Preset3:14
HairColor:000F7565
Weight:39.999996
Height:1.000000
Complexion:170008C3
HeadPart:0005150F
HeadPart:170008A3
HeadPart:170009FC
HeadPart:000E4E3F
HeadPart:170008A4
HeadPart:000F203D
TintMask0:006F7791:1.000000
TintMask1:00010443:0.690000
TintMask2:00010443:0.690000
TintMask3:00FFFFFF:0.000000
TintMask4:00FFFFFF:0.000000
TintMask5:00FFFFFF:0.000000
TintMask6:005254A9:0.380000
TintMask7:00FFFFFF:0.000000
TintMask8:00FFFFFF:0.000000
TintMask9:00FFFFFF:0.000000
TintMask10:00FFFFFF:0.000000
TintMask11:00281413:1.000000
TintMask12:00281413:0.000000
TintMask13:00281413:0.000000
TintMask14:00281413:0.000000
TintMask15:00281413:0.000000
TintMask16:0040040F:0.410000
TintMask17:00123156:0.000000
TintMask18:00123156:0.000000
TintMask19:00123156:0.000000
