Sex:F
Race:FE046873
Slider0:-0.900000
Slider1:0.100000
Slider2:-0.900000
Slider3:0.100000
Slider4:0.300000
Slider5:-0.300000
Slider6:-0.100000
Slider7:-1.000000
Slider8:0.000000
Slider9:0.000000
Slider10:0.800000
Slider11:1.000000
Slider12:0.700000
Slider13:0.000000
Slider14:-0.700000
Slider15:-0.400000
Slider16:-0.300000
Slider17:-0.600000
Slider18:340282346638528859811704183484516925440.000000
Preset0:17
Preset1:-1
Preset2:17
Preset3:14
HairColor:000A0435
Weight:90.000000
Height:1.000000
Complexion:FE0468C3
HeadPart:0005150F
HeadPart:FE0468A3
HeadPart:FE0468A4
HeadPart:000E4E4F
HeadPart:000F203D
HeadPart:000EAA72
TintMask0:0065728F:1.000000
TintMask1:00010950:0.830000
TintMask2:003D0C07:0.710000
TintMask3:00010443:0.690000
TintMask4:00010443:0.420000
TintMask5:00FFFFFF:0.000000
TintMask6:00010950:0.780000
TintMask7:00FFFFFF:0.000000
TintMask8:00FFFFFF:0.000000
TintMask9:00FFFFFF:0.000000
TintMask10:00FFFFFF:0.000000
TintMask11:00000051:0.500000
TintMask12:00000033:0.000000
TintMask13:00000033:0.000000
TintMask14:00000033:0.000000
TintMask15:00000033:0.000000
TintMask16:0040040F:0.410000
TintMask17:00123156:0.000000
TintMask18:00123156:0.000000
TintMask19:00000000:1.000000
