Sex:M
Race:FE046873
Slider0:0.000000
Slider1:0.000000
Slider2:-1.000000
Slider3:-0.500000
Slider4:-1.000000
Slider5:0.600000
Slider6:0.600000
Slider7:1.000000
Slider8:0.700000
Slider9:1.000000
Slider10:-0.900000
Slider11:1.000000
Slider12:0.500000
Slider13:0.200000
Slider14:0.700000
Slider15:0.600000
Slider16:0.500000
Slider17:-0.500000
Slider18:340282346638528859811704183484516925440.000000
Preset0:4
Preset1:-1
Preset2:20
Preset3:3
HairColor:000A0437
Weight:70.000000
Height:1.000000
Complexion:FE0468C4
HeadPart:00051631
HeadPart:FE04685B
HeadPart:000C3CE5
HeadPart:FE0468C1
HeadPart:00051410
HeadPart:0008555F
HeadPart:000C7123
TintMask0:007A86A7:1.000000
TintMask1:00FFFFFF:0.000000
TintMask2:005254A9:0.380000
TintMask3:00FFFFFF:0.000000
TintMask4:00FFFFFF:0.000000
TintMask5:00FFFFFF:0.000000
TintMask6:00FFFFFF:0.000000
TintMask7:00FFFFFF:0.000000
TintMask8:00FFFFFF:0.000000
TintMask9:0013202F:1.000000
TintMask10:00FFFFFF:0.000000
TintMask11:00000000:0.000000
TintMask12:00000000:0.000000
TintMask13:00000000:0.000000
TintMask14:00000051:0.500000
TintMask15:00000000:0.000000
TintMask16:00000000:0.000000
TintMask17:00000000:0.000000
TintMask18:00000000:0.000000
TintMask19:00000000:0.000000
TintMask20:00000000:0.000000
TintMask21:00000000:0.000000
TintMask22:00000000:0.000000
TintMask23:00000000:0.000000
TintMask24:00000000:0.000000
TintMask25:00000000:0.000000
TintMask26:00FFFFFF:0.000000
TintMask27:00000000:0.430000
TintMask28:00FFFFFF:0.000000
TintMask29:00FFFFFF:0.000000
