Sex:M
Race:FE046873
Slider0:-1.000000
Slider1:0.700000
Slider2:-1.000000
Slider3:-1.000000
Slider4:-0.900000
Slider5:-0.200000
Slider6:0.400000
Slider7:-0.500000
Slider8:0.400000
Slider9:-0.600000
Slider10:-0.500000
Slider11:0.200000
Slider12:0.600000
Slider13:-0.640000
Slider14:0.500000
Slider15:-0.920000
Slider16:0.400000
Slider17:0.100000
Slider18:340282346638528859811704183484516925440.000000
Preset0:18
Preset1:-1
Preset2:4
Preset3:20
HairColor:000A0437
Weight:19.999998
Height:1.000000
Complexion:FE0468C5
HeadPart:00051631
HeadPart:FE04685B
HeadPart:0008555F
HeadPart:FE0468C1
HeadPart:000C716F
HeadPart:000C3CE4
HeadPart:00099D7C
TintMask0:005B6D82:1.000000
TintMask1:005254A9:0.380000
TintMask2:0040040F:0.390000
TintMask3:00FFFFFF:0.000000
TintMask4:00522B21:0.350000
TintMask5:00FFFFFF:0.000000
TintMask6:00FFFFFF:0.000000
TintMask7:00FFFFFF:0.000000
TintMask8:00FFFFFF:0.000000
TintMask9:00522B21:0.350000
TintMask10:00FFFFFF:0.000000
TintMask11:00000000:0.000000
TintMask12:00000000:0.000000
TintMask13:00000000:0.000000
TintMask14:00000000:0.000000
TintMask15:00000000:0.000000
TintMask16:00000000:0.000000
TintMask17:00000000:0.000000
TintMask18:00000000:0.000000
TintMask19:00000000:0.000000
TintMask20:00000000:0.000000
TintMask21:00000000:0.000000
TintMask22:00000000:0.000000
TintMask23:00000000:0.000000
TintMask24:00000000:0.000000
TintMask25:00000000:0.000000
TintMask26:00FFFFFF:0.000000
TintMask27:00FFFFFF:0.000000
TintMask28:00FFFFFF:0.000000
TintMask29:00FFFFFF:0.000000
