Sex:F
Race:FE046873
Slider0:-1.000000
Slider1:0.100000
Slider2:0.000000
Slider3:0.000000
Slider4:0.000000
Slider5:0.200000
Slider6:0.500000
Slider7:-0.700000
Slider8:0.300000
Slider9:0.500000
Slider10:-1.000000
Slider11:1.000000
Slider12:0.000000
Slider13:0.300000
Slider14:-0.100000
Slider15:0.100000
Slider16:-0.580000
Slider17:-0.900000
Slider18:340282346638528859811704183484516925440.000000
Preset0:2
Preset1:-1
Preset2:19
Preset3:15
HairColor:000A0438
Weight:100.000000
Height:1.000000
Complexion:FE0468C2
HeadPart:0005150F
HeadPart:FE0468A3
HeadPart:000EC1B2
HeadPart:FE0468C6
HeadPart:000E4DA0
HeadPart:000510B3
TintMask0:00848B9B:1.000000
TintMask1:0040040F:0.530000
TintMask2:00FFFFFF:0.000000
TintMask3:00FFFFFF:0.000000
TintMask4:00522B21:0.190000
TintMask5:005254A9:0.470000
TintMask6:005254A9:0.380000
TintMask7:00FFFFFF:0.000000
TintMask8:00FFFFFF:0.000000
TintMask9:00000000:1.000000
TintMask10:00010443:1.000000
TintMask11:00000000:0.000000
TintMask12:00000000:0.000000
TintMask13:00000000:0.000000
TintMask14:00000000:0.000000
TintMask15:00000000:0.000000
TintMask16:00FFFFFF:0.000000
TintMask17:00000000:0.000000
TintMask18:00000000:0.000000
TintMask19:00000000:0.000000
