Sex:M
Race:FE046873
Slider0:-0.600000
Slider1:0.200000
Slider2:-1.000000
Slider3:-0.700000
Slider4:0.000000
Slider5:1.000000
Slider6:-0.600000
Slider7:1.000000
Slider8:0.500000
Slider9:-0.300000
Slider10:0.500000
Slider11:1.000000
Slider12:0.200000
Slider13:0.000000
Slider14:0.600000
Slider15:0.300000
Slider16:-0.600000
Slider17:-0.240000
Slider18:340282346638528859811704183484516925440.000000
Preset0:2
Preset1:-1
Preset2:4
Preset3:19
HairColor:000A0434
Weight:50.000000
Height:1.000000
Complexion:FE04683A
HeadPart:00051631
HeadPart:FE04685B
HeadPart:0008555F
HeadPart:FE0469FA
HeadPart:000C7122
HeadPart:FE0468C0
HeadPart:000C3CDA
TintMask0:00363D5C:1.000000
TintMask1:00FFFFFF:0.000000
TintMask2:0040040F:0.390000
TintMask3:005254A9:0.380000
TintMask4:00FFFFFF:0.000000
TintMask5:00FFFFFF:0.000000
TintMask6:0040040F:0.350000
TintMask7:005254A9:0.380000
TintMask8:005254A9:0.380000
TintMask9:00FFFFFF:0.000000
TintMask10:00FFFFFF:0.000000
TintMask11:00000000:0.000000
TintMask12:00000000:0.000000
TintMask13:00000000:0.000000
TintMask14:00000000:0.000000
TintMask15:00000000:0.000000
TintMask16:00000000:0.000000
TintMask17:00000000:0.000000
TintMask18:00000000:0.000000
TintMask19:00000000:0.000000
TintMask20:00000000:0.000000
TintMask21:00000000:0.000000
TintMask22:00000000:0.000000
TintMask23:00000000:0.000000
TintMask24:0031090A:0.700000
TintMask25:00FDFDFD:0.000000
TintMask26:00FFFFFF:0.000000
TintMask27:0013202F:0.000000
TintMask28:00FFFFFF:0.000000
TintMask29:00FFFFFF:0.000000
