Sex:F
Race:170009FE
Slider0:-1.000000
Slider1:0.100000
Slider2:-0.800000
Slider3:0.600000
Slider4:0.700000
Slider5:-1.000000
Slider6:0.400000
Slider7:0.000000
Slider8:0.000000
Slider9:0.600000
Slider10:-1.000000
Slider11:1.000000
Slider12:0.100000
Slider13:0.200000
Slider14:-0.500000
Slider15:-0.200000
Slider16:0.600000
Slider17:-0.400000
Slider18:340282346638528859811704183484516925440.000000
Preset0:10
Preset1:-1
Preset2:26
Preset3:5
HairColor:000A0431
Weight:100.000000
Height:1.000000
Complexion:17000835
HeadPart:0005150F
HeadPart:17000832
HeadPart:1700098D
HeadPart:000E4DA4
HeadPart:000EC1B2
HeadPart:000EC3C9
TintMask0:008DB0B1:1.000000
TintMask1:005254A9:0.450000
TintMask2:005254A9:0.450000
TintMask3:00FFFFFF:0.000000
TintMask4:00010443:0.660000
TintMask5:00FFFFFF:0.000000
TintMask6:0013202F:0.610000
TintMask7:00FFFFFF:0.000000
TintMask8:005254A9:0.470000
TintMask9:00FFFFFF:0.000000
TintMask10:00FFFFFF:0.000000
TintMask11:00000000:0.000000
TintMask12:00000000:0.000000
TintMask13:00000000:0.000000
TintMask14:00000000:0.000000
TintMask15:00000000:0.000000
TintMask16:00000000:0.000000
TintMask17:00000000:0.000000
TintMask18:00000000:0.000000
TintMask19:00000000:0.000000
TintMask20:00000000:0.000000
TintMask21:00000000:0.000000
TintMask22:00000000:0.000000
TintMask23:00000000:0.000000
TintMask24:00000000:0.000000
TintMask25:00000000:0.000000
TintMask26:00000000:0.000000
TintMask27:FFFFFFFF:0.000000
TintMask28:0040040F:0.410000
TintMask29:00FFFFFF:0.000000
TintMask30:00FFFFFF:0.000000
TintMask31:00FFFFFF:0.000000
