Sex:M
Race:170009FE
Slider0:-0.300000
Slider1:-0.900000
Slider2:0.000000
Slider3:0.200000
Slider4:-1.000000
Slider5:0.200000
Slider6:0.400000
Slider7:-0.500000
Slider8:0.100000
Slider9:-0.300000
Slider10:0.300000
Slider11:-1.000000
Slider12:-1.000000
Slider13:0.200000
Slider14:-0.500000
Slider15:-0.100000
Slider16:0.500000
Slider17:0.000000
Slider18:340282346638528859811704183484516925440.000000
Preset0:16
Preset1:-1
Preset2:11
Preset3:20
HairColor:000F7565
Weight:60.000004
Height:1.000000
Complexion:170008DC
HeadPart:00051631
HeadPart:17000834
HeadPart:000F1A99
HeadPart:17000991
HeadPart:000E4E2A
HeadPart:000C716F
HeadPart:000CDD8D
TintMask0:00547B81:1.000000
TintMask1:00FFFFFF:0.000000
TintMask2:005254A9:0.110000
TintMask3:00FFFFFF:0.000000
TintMask4:00FFFFFF:0.000000
TintMask5:00FFFFFF:0.000000
TintMask6:002E2E7E:0.280000
TintMask7:00FFFFFF:0.000000
TintMask8:00FFFFFF:0.000000
TintMask9:00FFFFFF:0.000000
TintMask10:00FFFFFF:0.000000
TintMask11:00000000:0.000000
TintMask12:00000000:0.000000
TintMask13:00000000:0.000000
TintMask14:00000000:0.000000
TintMask15:00000000:0.000000
TintMask16:00000000:0.000000
TintMask17:00000000:0.000000
TintMask18:00000000:0.000000
TintMask19:00000000:0.000000
TintMask20:00000000:0.000000
TintMask21:00000000:0.000000
TintMask22:00000000:0.000000
TintMask23:00000000:0.000000
TintMask24:00000000:0.000000
TintMask25:00000000:0.000000
TintMask26:00000000:0.000000
TintMask27:FFFFFFFF:0.000000
TintMask28:00FFFFFF:0.000000
TintMask29:00000000:0.430000
TintMask30:00000000:0.000000
TintMask31:00000000:0.000000
