Sex:M
Race:170009FE
Slider0:-0.700000
Slider1:-0.600000
Slider2:-0.300000
Slider3:0.200000
Slider4:0.700000
Slider5:1.000000
Slider6:-0.400000
Slider7:-0.600000
Slider8:0.000000
Slider9:-0.600000
Slider10:0.500000
Slider11:0.000000
Slider12:-0.700000
Slider13:-0.400000
Slider14:-0.500000
Slider15:-0.300000
Slider16:0.000000
Slider17:-1.000000
Slider18:340282346638528859811704183484516925440.000000
Preset0:8
Preset1:-1
Preset2:7
Preset3:0
HairColor:000A0433
Weight:50.000000
Height:1.000000
Complexion:17000836
HeadPart:00051631
HeadPart:17000834
HeadPart:000EC174
HeadPart:17000992
HeadPart:0008555F
HeadPart:000C7170
HeadPart:000510B5
TintMask0:00547B81:1.000000
TintMask1:005254A9:0.110000
TintMask2:00FFFFFF:0.000000
TintMask3:00010443:0.390000
TintMask4:00000000:1.000000
TintMask5:00522B21:0.440000
TintMask6:00102C3D:0.770000
TintMask7:00FFFFFF:0.000000
TintMask8:005254A9:0.220000
TintMask9:00522B21:0.440000
TintMask10:00FFFFFF:0.000000
TintMask11:00000000:0.000000
TintMask12:00000000:0.000000
TintMask13:00000000:0.000000
TintMask14:00000000:0.000000
TintMask15:00000000:0.000000
TintMask16:00000000:0.000000
TintMask17:00000000:0.000000
TintMask18:00000000:0.000000
TintMask19:00000000:0.000000
TintMask20:0031090A:0.000000
TintMask21:0031090A:0.000000
TintMask22:0057491A:0.000000
TintMask23:0031090A:0.000000
TintMask24:00FDFDFD:0.280000
TintMask25:0031090A:0.000000
TintMask26:0031090A:0.000000
TintMask27:FFFFFFFF:0.000000
TintMask28:00000000:0.750000
TintMask29:00000000:0.000000
TintMask30:00FFFFFF:0.000000
TintMask31:00FFFFFF:0.000000
