Sex:F
Race:170009FE
Slider0:-0.800000
Slider1:-0.800000
Slider2:0.000000
Slider3:0.300000
Slider4:-1.000000
Slider5:-1.000000
Slider6:0.400000
Slider7:-0.600000
Slider8:0.200000
Slider9:-0.500000
Slider10:0.700000
Slider11:0.400000
Slider12:-0.200000
Slider13:0.200000
Slider14:-0.200000
Slider15:0.200000
Slider16:0.300000
Slider17:-0.600000
Slider18:340282346638528859811704183484516925440.000000
Preset0:20
Preset1:-1
Preset2:13
Preset3:15
HairColor:000A0434
Weight:100.000000
Height:1.000000
Complexion:170008BE
HeadPart:0005150F
HeadPart:17000832
HeadPart:000E4E3C
HeadPart:000EC3CA
HeadPart:1700098D
HeadPart:000E4D88
TintMask0:00C8DDE1:1.000000
TintMask1:0040040F:0.530000
TintMask2:005254A9:0.450000
TintMask3:00FFFFFF:0.000000
TintMask4:00522B21:0.830000
TintMask5:00FFFFFF:0.000000
TintMask6:005254A9:0.380000
TintMask7:00FFFFFF:0.000000
TintMask8:00FFFFFF:0.000000
TintMask9:00FFFFFF:0.000000
TintMask10:005254A9:0.610000
TintMask11:00000000:0.000000
TintMask12:00000000:0.000000
TintMask13:00000000:0.000000
TintMask14:00000000:0.000000
TintMask15:00000000:0.000000
TintMask16:00000000:0.000000
TintMask17:00000000:0.000000
TintMask18:00000000:0.000000
TintMask19:00000000:0.000000
TintMask20:00000000:0.000000
TintMask21:00000000:0.000000
TintMask22:0031090A:1.000000
TintMask23:00000000:0.000000
TintMask24:00000000:0.000000
TintMask25:00000000:0.000000
TintMask26:00000000:0.000000
TintMask27:FFFFFFFF:0.000000
TintMask28:00FFFFFF:0.000000
TintMask29:0013202F:0.000000
TintMask30:0013202F:0.000000
TintMask31:0013202F:1.000000
