Sex:M
Race:170009FE
Slider0:-0.100000
Slider1:-0.700000
Slider2:0.500000
Slider3:1.000000
Slider4:0.100000
Slider5:1.000000
Slider6:0.300000
Slider7:-0.100000
Slider8:0.300000
Slider9:1.000000
Slider10:-0.300000
Slider11:0.200000
Slider12:-1.000000
Slider13:0.700000
Slider14:-0.400000
Slider15:0.000000
Slider16:0.500000
Slider17:-1.000000
Slider18:340282346638528859811704183484516925440.000000
Preset0:11
Preset1:-1
Preset2:33
Preset3:12
HairColor:000F7565
Weight:100.000000
Height:1.000000
Complexion:17000836
HeadPart:00051631
HeadPart:17000834
HeadPart:000E4E28
HeadPart:17000991
HeadPart:000F1A99
HeadPart:000F203C
HeadPart:17000800
TintMask0:007A9C9A:1.000000
TintMask1:00FFFFFF:0.000000
TintMask2:00FFFFFF:0.000000
TintMask3:00FFFFFF:0.000000
TintMask4:00000000:1.000000
TintMask5:00FFFFFF:0.000000
TintMask6:002E2E7E:0.280000
TintMask7:00FFFFFF:0.000000
TintMask8:005254A9:0.220000
TintMask9:00522B21:0.440000
TintMask10:00FFFFFF:0.000000
TintMask11:00000000:0.000000
TintMask12:00000000:0.000000
TintMask13:00000000:0.000000
TintMask14:00000000:0.000000
TintMask15:00000000:0.000000
TintMask16:00000000:0.000000
TintMask17:00000000:0.000000
TintMask18:00000000:0.000000
TintMask19:00000000:0.000000
TintMask20:00000000:0.000000
TintMask21:00000000:0.000000
TintMask22:00000000:0.000000
TintMask23:00000000:0.000000
TintMask24:00000000:0.000000
TintMask25:00000000:0.000000
TintMask26:0057491A:0.690000
TintMask27:FFFFFFFF:0.000000
TintMask28:00FFFFFF:0.000000
TintMask29:00000000:0.000000
TintMask30:00000000:0.000000
TintMask31:00000000:0.430000
