Sex:M
Race:170009FE
Slider0:1.000000
Slider1:-0.100000
Slider2:-0.500000
Slider3:-0.300000
Slider4:-1.000000
Slider5:1.000000
Slider6:0.800000
Slider7:-0.200000
Slider8:-0.100000
Slider9:1.000000
Slider10:-0.500000
Slider11:-1.000000
Slider12:-1.000000
Slider13:-0.400000
Slider14:-0.200000
Slider15:0.200000
Slider16:0.000000
Slider17:-1.000000
Slider18:340282346638528859811704183484516925440.000000
Preset0:2
Preset1:-1
Preset2:36
Preset3:1
HairColor:000A0438
Weight:0.000000
Height:1.000000
Complexion:170008D0
HeadPart:00051631
HeadPart:17000834
HeadPart:0008555F
HeadPart:1700082F
HeadPart:000F1A9A
HeadPart:00051508
HeadPart:17000991
TintMask0:008DB0B1:1.000000
TintMask1:00000000:1.000000
TintMask2:00FFFFFF:0.000000
TintMask3:00010443:0.390000
TintMask4:00000000:1.000000
TintMask5:005254A9:0.220000
TintMask6:00102C3D:0.770000
TintMask7:00FFFFFF:0.000000
TintMask8:005254A9:0.220000
TintMask9:00FFFFFF:0.000000
TintMask10:005254A9:0.230000
TintMask11:00000000:0.000000
TintMask12:00000000:0.000000
TintMask13:00000000:0.000000
TintMask14:00000000:0.000000
TintMask15:00000000:0.000000
TintMask16:00000000:0.000000
TintMask17:00000000:0.000000
TintMask18:00000000:0.000000
TintMask19:00000000:0.000000
TintMask20:00000000:0.000000
TintMask21:00000000:0.000000
TintMask22:00000000:0.000000
TintMask23:00000000:0.000000
TintMask24:00000000:0.000000
TintMask25:00000000:0.000000
TintMask26:00000000:0.000000
TintMask27:FFFFFFFF:0.000000
TintMask28:00000000:0.580000
TintMask29:0013202F:0.000000
TintMask30:0013202F:0.000000
TintMask31:0013202F:1.000000
