Sex:F
Race:170009FE
Slider0:-1.000000
Slider1:0.200000
Slider2:-0.500000
Slider3:-0.300000
Slider4:1.000000
Slider5:0.800000
Slider6:0.800000
Slider7:0.900000
Slider8:0.300000
Slider9:0.600000
Slider10:0.300000
Slider11:0.000000
Slider12:0.300000
Slider13:-0.400000
Slider14:-0.500000
Slider15:-0.100000
Slider16:0.400000
Slider17:-0.800000
Slider18:340282346638528859811704183484516925440.000000
Preset0:3
Preset1:-1
Preset2:6
Preset3:9
HairColor:000A0437
Weight:60.000004
Height:1.000000
Complexion:1700089F
HeadPart:0005150F
HeadPart:17000832
HeadPart:1700098E
HeadPart:000EC3C4
HeadPart:000E4DA8
HeadPart:000EC1B2
TintMask0:00547B81:1.000000
TintMask1:00522B21:0.340000
TintMask2:00522B21:0.340000
TintMask3:00FFFFFF:0.000000
TintMask4:00010443:0.660000
TintMask5:00FFFFFF:0.000000
TintMask6:0040040F:0.350000
TintMask7:005254A9:0.720000
TintMask8:005254A9:0.470000
TintMask9:00FFFFFF:0.000000
TintMask10:00010443:1.000000
TintMask11:00000024:0.000000
TintMask12:00000024:0.000000
TintMask13:00000024:0.000000
TintMask14:00000024:0.000000
TintMask15:00000024:0.000000
TintMask16:00000024:0.000000
TintMask17:00000024:0.000000
TintMask18:00000024:0.000000
TintMask19:00000024:0.000000
TintMask20:00000024:0.000000
TintMask21:00000024:0.000000
TintMask22:00000024:0.000000
TintMask23:00000024:0.000000
TintMask24:00000024:0.000000
TintMask25:00000024:0.000000
TintMask26:00000024:0.000000
TintMask27:FFFFFFFF:0.000000
TintMask28:00FFFFFF:0.000000
TintMask29:00000000:0.000000
TintMask30:00000000:0.000000
TintMask31:00FFFFFF:0.000000
