Sex:F
Race:170009FE
Slider0:-0.100000
Slider1:-0.400000
Slider2:-0.500000
Slider3:-0.300000
Slider4:1.000000
Slider5:0.800000
Slider6:0.800000
Slider7:-0.200000
Slider8:0.200000
Slider9:-0.500000
Slider10:0.300000
Slider11:0.000000
Slider12:-0.200000
Slider13:-0.400000
Slider14:-0.200000
Slider15:0.000000
Slider16:0.500000
Slider17:-0.800000
Slider18:340282346638528859811704183484516925440.000000
Preset0:1
Preset1:-1
Preset2:6
Preset3:1
HairColor:000A0432
Weight:70.000000
Height:1.000000
Complexion:17000835
HeadPart:0005150F
HeadPart:17000832
HeadPart:000E4E4F
HeadPart:1700098E
HeadPart:0008CA86
HeadPart:000E4D7C
TintMask0:00768F8E:1.000000
TintMask1:00522B21:0.340000
TintMask2:00FFFFFF:0.000000
TintMask3:00FFFFFF:0.000000
TintMask4:00FFFFFF:0.000000
TintMask5:00FFFFFF:0.000000
TintMask6:00000000:1.000000
TintMask7:00FFFFFF:0.000000
TintMask8:00FFFFFF:0.000000
TintMask9:00FFFFFF:0.000000
TintMask10:00FFFFFF:0.000000
TintMask11:00000000:0.000000
TintMask12:00000000:0.000000
TintMask13:00000000:0.000000
TintMask14:00000000:0.000000
TintMask15:00000000:0.000000
TintMask16:00000000:0.000000
TintMask17:00000000:0.000000
TintMask18:00000000:0.000000
TintMask19:00000000:0.000000
TintMask20:00000000:0.000000
TintMask21:00000000:0.000000
TintMask22:00000000:0.000000
TintMask23:00000000:0.000000
TintMask24:00000000:0.000000
TintMask25:00000000:0.000000
TintMask26:00254727:1.000000
TintMask27:FFFFFFFF:0.000000
TintMask28:0020623F:0.630000
TintMask29:00000000:0.000000
TintMask30:00123156:1.000000
TintMask31:00000000:0.000000
