Sex:F
Race:170009FE
Slider0:-1.000000
Slider1:-0.800000
Slider2:0.700000
Slider3:-0.300000
Slider4:1.000000
Slider5:-1.000000
Slider6:1.000000
Slider7:-1.000000
Slider8:0.300000
Slider9:-0.100000
Slider10:0.300000
Slider11:0.000000
Slider12:-0.900000
Slider13:-0.400000
Slider14:-0.500000
Slider15:-0.100000
Slider16:0.000000
Slider17:-1.000000
Slider18:340282346638528859811704183484516925440.000000
Preset0:20
Preset1:-1
Preset2:20
Preset3:5
HairColor:000A042D
Weight:100.000000
Height:1.000000
Complexion:17000837
HeadPart:0005150F
HeadPart:17000832
HeadPart:000E4E51
HeadPart:0008CA6F
HeadPart:1700098E
HeadPart:000E4DA4
TintMask0:00C8DDE1:1.000000
TintMask1:00000000:1.000000
TintMask2:00522B21:0.340000
TintMask3:005254A9:0.110000
TintMask4:00522B21:0.830000
TintMask5:00010443:0.790000
TintMask6:005254A9:0.380000
TintMask7:00FFFFFF:0.000000
TintMask8:00FFFFFF:0.000000
TintMask9:00FFFFFF:0.000000
TintMask10:00010443:1.000000
TintMask11:00000000:0.000000
TintMask12:00000000:0.000000
TintMask13:00000000:0.000000
TintMask14:00000000:0.000000
TintMask15:00000000:0.000000
TintMask16:00000000:0.000000
TintMask17:00000000:0.000000
TintMask18:00000000:0.000000
TintMask19:00000000:0.000000
TintMask20:00000000:0.000000
TintMask21:0057491A:0.690000
TintMask22:00000000:0.000000
TintMask23:FFFFFFFF:0.000000
TintMask24:FFFFFFFF:0.000000
TintMask25:FFFFFFFF:0.000000
TintMask26:FFFFFFFF:0.000000
TintMask27:FFFFFFFF:0.000000
TintMask28:0020623F:0.630000
TintMask29:00000000:0.000000
TintMask30:00000000:0.000000
TintMask31:00123156:1.000000
