Sex:M
Race:170009FE
Slider0:-0.200000
Slider1:0.400000
Slider2:-1.000000
Slider3:-1.000000
Slider4:1.000000
Slider5:1.000000
Slider6:0.400000
Slider7:1.000000
Slider8:0.100000
Slider9:1.000000
Slider10:-0.200000
Slider11:0.200000
Slider12:-0.800000
Slider13:-0.400000
Slider14:-0.500000
Slider15:-0.400000
Slider16:0.000000
Slider17:-0.500000
Slider18:340282346638528859811704183484516925440.000000
Preset0:17
Preset1:-1
Preset2:32
Preset3:20
HairColor:000A0437
Weight:0.000000
Height:1.000000
Complexion:170008D1
HeadPart:00051631
HeadPart:17000834
HeadPart:0008555F
HeadPart:000EC3B1
HeadPart:1700082B
HeadPart:170009E3
HeadPart:000C7123
TintMask0:00C8DDE1:1.000000
TintMask1:005254A9:0.110000
TintMask2:00010443:0.660000
TintMask3:00FFFFFF:0.000000
TintMask4:00FFFFFF:0.000000
TintMask5:005254A9:0.220000
TintMask6:002E2E7E:0.280000
TintMask7:005254A9:0.220000
TintMask8:005254A9:0.220000
TintMask9:00FFFFFF:0.000000
TintMask10:00FFFFFF:0.000000
TintMask11:00000000:0.000000
TintMask12:00000000:0.000000
TintMask13:00000000:0.000000
TintMask14:00000000:0.000000
TintMask15:00000000:0.000000
TintMask16:00000000:0.000000
TintMask17:00000000:0.000000
TintMask18:00000000:0.000000
TintMask19:00000000:0.000000
TintMask20:00000000:0.000000
TintMask21:00000033:1.000000
TintMask22:00000033:0.000000
TintMask23:00000033:0.000000
TintMask24:00000033:0.000000
TintMask25:00000033:0.000000
TintMask26:00000033:0.000000
TintMask27:FFFFFFFF:0.000000
TintMask28:00FFFFFF:0.000000
TintMask29:00FFFFFF:0.000000
TintMask30:00FFFFFF:0.000000
TintMask31:00FFFFFF:0.000000
