Sex:F
Race:170009E8
Slider0:-0.300000
Slider1:-0.500000
Slider2:0.200000
Slider3:-0.300000
Slider4:0.200000
Slider5:-1.000000
Slider6:-0.200000
Slider7:-0.200000
Slider8:0.300000
Slider9:0.700000
Slider10:0.500000
Slider11:0.500000
Slider12:-0.200000
Slider13:-0.400000
Slider14:0.100000
Slider15:-0.500000
Slider16:0.000000
Slider17:0.300000
Slider18:340282346638528859811704183484516925440.000000
Preset0:10
Preset1:-1
Preset2:23
Preset3:13
HairColor:1700096D
Weight:50.000000
Height:1.000000
Complexion:17000928
HeadPart:0005150F
HeadPart:17000944
HeadPart:000EC1B2
HeadPart:000EC3C9
HeadPart:17000940
HeadPart:000E4D7C
TintMask0:008A859A:1.000000
TintMask1:00000000:1.000000
TintMask2:00FFFFFF:0.000000
TintMask3:00FFFFFF:0.000000
TintMask4:00010950:0.830000
TintMask5:00FFFFFF:0.000000
TintMask6:00010443:0.420000
TintMask7:00010950:0.890000
TintMask8:00FFFFFF:0.000000
TintMask9:00FFFFFF:0.000000
TintMask10:00FFFFFF:0.000000
TintMask11:00000000:0.000000
TintMask12:00000000:0.000000
TintMask13:00000000:0.000000
TintMask14:00000000:0.000000
TintMask15:00000000:0.000000
TintMask16:00000000:0.000000
TintMask17:00000000:0.000000
TintMask18:00000000:0.000000
TintMask19:00000000:1.000000
TintMask20:00123156:0.000000
TintMask21:00123156:0.000000
TintMask22:00123156:0.000000
