Sex:F
Race:170009E8
Slider0:0.300000
Slider1:0.000000
Slider2:0.000000
Slider3:-0.100000
Slider4:0.500000
Slider5:0.200000
Slider6:0.100000
Slider7:0.200000
Slider8:0.300000
Slider9:-0.600000
Slider10:0.400000
Slider11:1.000000
Slider12:0.100000
Slider13:-0.400000
Slider14:0.400000
Slider15:-0.900000
Slider16:0.200000
Slider17:-0.700000
Slider18:340282346638528859811704183484516925440.000000
Preset0:1
Preset1:-1
Preset2:28
Preset3:9
HairColor:000829CA
Weight:30.000002
Height:1.000000
Complexion:17000928
HeadPart:0005150F
HeadPart:17000944
HeadPart:000EC1B2
HeadPart:1700093B
HeadPart:000EC3C8
HeadPart:000E4D91
TintMask0:00FFFFFF:0.670000
TintMask1:0020623F:0.630000
TintMask2:003D0C07:0.710000
TintMask3:00FFFFFF:0.000000
TintMask4:00FFFFFF:0.000000
TintMask5:00010443:0.790000
TintMask6:0040040F:0.350000
TintMask7:00FFFFFF:0.000000
TintMask8:005254A9:0.470000
TintMask9:005254A9:0.720000
TintMask10:00010443:1.000000
TintMask11:00000000:0.000000
TintMask12:00000000:0.000000
TintMask13:00000000:0.000000
TintMask14:00000000:0.000000
TintMask15:00000000:0.000000
TintMask16:00000000:0.000000
TintMask17:00000000:0.000000
TintMask18:00000000:0.000000
TintMask19:00FFFFFF:0.000000
TintMask20:0013202F:0.000000
TintMask21:0013202F:0.000000
TintMask22:0013202F:0.000000
