Sex:F
Race:170009E8
Slider0:0.000000
Slider1:-0.300000
Slider2:-0.100000
Slider3:0.200000
Slider4:0.600000
Slider5:0.100000
Slider6:-0.300000
Slider7:-0.600000
Slider8:-0.100000
Slider9:-0.500000
Slider10:0.000000
Slider11:-0.300000
Slider12:-0.100000
Slider13:-0.400000
Slider14:-0.100000
Slider15:-0.300000
Slider16:0.000000
Slider17:-0.300000
Slider18:340282346638528859811704183484516925440.000000
Preset0:18
Preset1:-1
Preset2:6
Preset3:12
HairColor:17000973
Weight:100.000000
Height:1.000000
Complexion:17000928
HeadPart:0005150F
HeadPart:17000944
HeadPart:000E4E4F
HeadPart:000EF317
HeadPart:17000941
HeadPart:000E4DA0
TintMask0:009999A8:1.000000
TintMask1:00FFFFFF:0.000000
TintMask2:00010443:0.690000
TintMask3:005254A9:0.450000
TintMask4:00FFFFFF:0.000000
TintMask5:00010443:0.790000
TintMask6:0013202F:0.610000
TintMask7:005254A9:0.720000
TintMask8:005254A9:0.470000
TintMask9:0013202F:1.000000
TintMask10:005254A9:0.610000
TintMask11:00000000:0.000000
TintMask12:00000000:0.000000
TintMask13:00000000:0.000000
TintMask14:00000000:0.000000
TintMask15:00000000:0.000000
TintMask16:00000000:0.000000
TintMask17:00390400:1.000000
TintMask18:00000000:0.000000
TintMask19:003D0C07:0.690000
TintMask20:00000000:1.000000
TintMask21:00000000:0.000000
TintMask22:00000000:0.000000
