Sex:M
Race:170009E8
Slider0:0.000000
Slider1:0.200000
Slider2:-0.600000
Slider3:-0.700000
Slider4:0.500000
Slider5:0.700000
Slider6:0.700000
Slider7:0.100000
Slider8:-0.300000
Slider9:0.600000
Slider10:0.200000
Slider11:-0.400000
Slider12:-0.400000
Slider13:-0.100000
Slider14:0.300000
Slider15:0.200000
Slider16:-0.400000
Slider17:0.200000
Slider18:340282346638528859811704183484516925440.000000
Preset0:16
Preset1:-1
Preset2:33
Preset3:3
HairColor:1700097F
Weight:0.000000
Height:1.000000
Complexion:02003780
HeadPart:00051631
HeadPart:02003784
HeadPart:000E4E28
HeadPart:000CDDA9
HeadPart:000EC3B2
HeadPart:000C7170
HeadPart:17000948
TintMask0:00686A82:1.000000
TintMask1:00FFFFFF:0.000000
TintMask2:00010443:0.420000
TintMask3:00FFFFFF:0.000000
TintMask4:00FFFFFF:0.000000
TintMask5:00FFFFFF:0.000000
TintMask6:00FFFFFF:0.520000
TintMask7:00010950:0.500000
TintMask8:00010443:0.420000
TintMask9:00FFFFFF:0.000000
TintMask10:00010443:0.420000
TintMask11:00000000:0.750000
TintMask12:00000000:0.000000
TintMask13:00000000:0.000000
TintMask14:00000000:0.000000
TintMask15:00000000:0.000000
TintMask16:00000000:0.000000
TintMask17:00000000:0.000000
TintMask18:00000000:0.000000
TintMask19:00000000:0.000000
TintMask20:00000000:0.000000
TintMask21:00000000:0.000000
TintMask22:00000000:0.000000
TintMask23:00000000:0.000000
TintMask24:00000000:0.000000
TintMask25:0057491A:1.000000
TintMask26:00FFFFFF:0.000000
TintMask27:00123156:1.000000
TintMask28:00123156:0.000000
TintMask29:00FFFFFF:0.000000
