Sex:M
Race:FE0469E8
Slider0:-0.500000
Slider1:0.000000
Slider2:-0.600000
Slider3:-0.200000
Slider4:0.100000
Slider5:-0.500000
Slider6:0.000000
Slider7:-0.600000
Slider8:0.700000
Slider9:-0.400000
Slider10:-0.100000
Slider11:0.200000
Slider12:-0.600000
Slider13:0.300000
Slider14:-0.200000
Slider15:-0.600000
Slider16:0.100000
Slider17:-0.300000
Slider18:340282346638528859811704183484516925440.000000
Preset0:17
Preset1:-1
Preset2:25
Preset3:8
HairColor:FE04696E
Weight:10.000000
Height:1.000000
Complexion:FE046931
HeadPart:00051631
HeadPart:02003784
HeadPart:0008555F
HeadPart:FE04694C
HeadPart:000C3CC6
HeadPart:000EC3B7
HeadPart:000C7123
TintMask0:008F767E:1.000000
TintMask1:00000000:1.000000
TintMask2:00000000:1.000000
TintMask3:00FFFFFF:0.000000
TintMask4:00FFFFFF:0.000000
TintMask5:005254A9:0.380000
TintMask6:00FFFFFF:0.520000
TintMask7:005254A9:0.380000
TintMask8:005254A9:0.380000
TintMask9:00FFFFFF:0.000000
TintMask10:00FFFFFF:0.000000
TintMask11:00FFFFFF:0.000000
TintMask12:00000000:0.000000
TintMask13:00000000:0.000000
TintMask14:00000000:0.000000
TintMask15:00000000:0.000000
TintMask16:00000000:0.000000
TintMask17:00000000:0.000000
TintMask18:00000000:0.000000
TintMask19:00000000:0.000000
TintMask20:00000000:0.000000
TintMask21:00000000:0.000000
TintMask22:00000000:0.000000
TintMask23:00000000:0.000000
TintMask24:00000000:0.000000
TintMask25:00000000:0.000000
TintMask26:00FFFFFF:0.000000
TintMask27:00000000:0.420000
TintMask28:00000000:0.000000
TintMask29:00FFFFFF:0.000000
