Sex:M
Race:FE0469E8
Slider0:-0.200000
Slider1:-0.400000
Slider2:-0.600000
Slider3:-0.300000
Slider4:0.100000
Slider5:-0.600000
Slider6:0.500000
Slider7:-0.300000
Slider8:0.100000
Slider9:0.000000
Slider10:-0.100000
Slider11:0.000000
Slider12:-0.500000
Slider13:0.200000
Slider14:-0.300000
Slider15:-0.200000
Slider16:-0.400000
Slider17:-0.400000
Slider18:340282346638528859811704183484516925440.000000
Preset0:13
Preset1:-1
Preset2:8
Preset3:12
HairColor:0200378E
Weight:50.000000
Height:1.000000
Complexion:02003780
HeadPart:00051631
HeadPart:02003784
HeadPart:FE046938
HeadPart:000EC3B1
HeadPart:000510B4
HeadPart:000E4E2B
HeadPart:000C7170
TintMask0:008F767E:1.000000
TintMask1:0013202F:1.000000
TintMask2:00FFFFFF:0.000000
TintMask3:00FFFFFF:0.000000
TintMask4:00FFFFFF:0.000000
TintMask5:00010950:0.500000
TintMask6:00FFFFFF:0.520000
TintMask7:00FFFFFF:0.000000
TintMask8:00010443:0.420000
TintMask9:00010443:0.420000
TintMask10:00010443:0.420000
TintMask11:00FFFFFF:0.000000
TintMask12:00000000:0.000000
TintMask13:00000000:0.000000
TintMask14:00000000:0.000000
TintMask15:00000000:0.000000
TintMask16:00000000:0.000000
TintMask17:00000000:0.000000
TintMask18:00000000:0.000000
TintMask19:00000000:0.000000
TintMask20:00000000:0.000000
TintMask21:00000000:0.000000
TintMask22:00000000:0.000000
TintMask23:00000000:0.000000
TintMask24:00000000:0.000000
TintMask25:00000000:0.000000
TintMask26:00FFFFFF:0.000000
TintMask27:00000000:0.000000
TintMask28:00000000:0.000000
TintMask29:00FFFFFF:0.000000
