Sex:M
Race:FE046985
Slider0:0.600000
Slider1:0.100000
Slider2:-0.700000
Slider3:-0.400000
Slider4:0.100000
Slider5:-0.300000
Slider6:-0.200000
Slider7:-0.100000
Slider8:-0.100000
Slider9:0.400000
Slider10:-0.500000
Slider11:-0.300000
Slider12:-0.200000
Slider13:0.600000
Slider14:-0.100000
Slider15:0.300000
Slider16:-0.400000
Slider17:0.800000
Slider18:340282346638528859811704183484516925440.000000
Preset0:8
Preset1:-1
Preset2:22
Preset3:10
HairColor:000A0434
Weight:20.000000
Height:1.000000
Complexion:000F2049
HeadPart:0005162D
HeadPart:00051631
HeadPart:000E4E17
HeadPart:000CDCBE
HeadPart:000F203C
HeadPart:FE0468F1
HeadPart:000EC3B3
TintMask0:003F80C0:1.000000
TintMask1:005254A9:0.380000
TintMask2:00010950:0.500000
TintMask3:00000000:1.000000
TintMask4:00010443:0.420000
TintMask5:00FFFFFF:0.000000
TintMask6:00FFFFFF:0.000000
TintMask7:00010950:0.500000
TintMask8:00FFFFFF:0.000000
TintMask9:00FFFFFF:0.000000
TintMask10:00000000:1.000000
TintMask11:00FFFFFF:0.000000
TintMask12:00000024:0.000000
TintMask13:00000024:0.000000
TintMask14:00000024:0.000000
TintMask15:00000024:0.000000
TintMask16:00000024:0.000000
TintMask17:00000024:0.000000
TintMask18:00000024:0.000000
TintMask19:00000024:0.000000
TintMask20:00000024:0.000000
TintMask21:00000024:1.000000
TintMask22:00000000:0.430000
TintMask23:00000000:0.430000
TintMask24:00FFFFFF:0.000000
