Sex:M
Race:FE046985
Slider0:0.400000
Slider1:0.300000
Slider2:0.100000
Slider3:-0.600000
Slider4:0.000000
Slider5:-0.100000
Slider6:0.100000
Slider7:-0.300000
Slider8:0.500000
Slider9:-0.200000
Slider10:-0.200000
Slider11:0.000000
Slider12:-0.700000
Slider13:0.400000
Slider14:0.100000
Slider15:0.400000
Slider16:0.000000
Slider17:-1.000000
Slider18:340282346638528859811704183484516925440.000000
Preset0:19
Preset1:-1
Preset2:28
Preset3:10
HairColor:000A0438
Weight:50.000000
Height:1.000000
Complexion:000F204A
HeadPart:0005162D
HeadPart:00051631
HeadPart:000CDCB3
HeadPart:000EC3B7
HeadPart:000C7122
HeadPart:FE0468F1
HeadPart:000E4E2A
TintMask0:00336AA2:1.000000
TintMask1:00010950:0.500000
TintMask2:00010950:0.500000
TintMask3:00FFFFFF:0.000000
TintMask4:00010443:0.420000
TintMask5:00010443:0.420000
TintMask6:00FFFFFF:0.000000
TintMask7:00010443:0.420000
TintMask8:00010443:0.420000
TintMask9:00FFFFFF:0.000000
TintMask10:00FFFFFF:0.000000
TintMask11:00FFFFFF:0.000000
TintMask12:00000000:0.000000
TintMask13:00000000:0.000000
TintMask14:00390400:1.000000
TintMask15:00000000:0.000000
TintMask16:00000000:0.000000
TintMask17:00000000:0.000000
TintMask18:00000000:0.000000
TintMask19:00000000:0.000000
TintMask20:00000000:0.000000
TintMask21:00000000:0.000000
TintMask22:00000000:0.000000
TintMask23:00000000:0.000000
TintMask24:00000000:0.000000
