Sex:F
Race:FE046985
Slider0:0.000000
Slider1:-0.100000
Slider2:-1.000000
Slider3:-0.600000
Slider4:0.400000
Slider5:1.000000
Slider6:0.500000
Slider7:0.600000
Slider8:-0.100000
Slider9:-0.500000
Slider10:0.500000
Slider11:0.000000
Slider12:-0.700000
Slider13:-0.400000
Slider14:-0.400000
Slider15:-1.000000
Slider16:0.000000
Slider17:-1.000000
Slider18:340282346638528859811704183484516925440.000000
Preset0:9
Preset1:-1
Preset2:26
Preset3:18
HairColor:000F7565
Weight:50.000000
Height:1.000000
Complexion:00038A5F
HeadPart:0005161E
HeadPart:0005150F
HeadPart:000EC1B2
HeadPart:0008CA83
HeadPart:FE0468EF
HeadPart:000E4D91
TintMask0:00336AA2:1.000000
TintMask1:0013202F:1.000000
TintMask2:00000000:1.000000
TintMask3:00000000:1.000000
TintMask4:00000000:1.000000
TintMask5:00FFFFFF:0.000000
TintMask6:00000000:1.000000
TintMask7:00000000:1.000000
TintMask8:00000000:1.000000
TintMask9:00000000:1.000000
TintMask10:00010443:1.000000
TintMask11:00000000:0.000000
TintMask12:00000000:0.000000
TintMask13:00000000:0.000000
TintMask14:00000000:0.000000
TintMask15:00000000:0.000000
TintMask16:00000000:0.000000
TintMask17:00000000:0.000000
TintMask18:00000000:0.000000
TintMask19:00000000:0.000000
TintMask20:00000000:0.000000
TintMask21:00000000:0.000000
TintMask22:00000000:1.000000
TintMask23:00000000:0.000000
TintMask24:00000000:0.000000
TintMask25:00000000:1.000000
TintMask26:00FFFFFF:0.000000
TintMask27:00FFFFFF:0.000000
TintMask28:00FFFFFF:0.000000
